geodata/srtm_inzell.asc
ncols        1010
nrows        347
xllcorner    14.305138888915
yllcorner    46.583472222220
cellsize     0.000277777778
NODATA_value -32768
[rows 84 to 125 of 347, columns 470 to 563 of 1010]
470 476 480 483 486 488 490 492 493 491 488 486 484 481 478 473 469 464 460 457 454 451 449 449 449 449 448 447 447 447 448 448 448 448 448 447 447 447 446 446 447 450 453 455 457 460 462 463 464 464 465 465 465 463 461 460 459 459 459 459 459 458 460 461 461 461 462 463 462 460 456 454 454 453 451 451 450 448 447 446 446 445 445 445 445 445 446 447 448 449 448 446 445 443
470 476 482 486 488 491 493 494 493 491 490 488 485 483 480 478 473 466 460 456 454 452 450 449 449 448 448 447 447 447 448 448 448 448 448 447 447 447 447 447 448 449 451 454 458 461 463 463 464 464 464 464 464 462 460 459 458 458 459 458 458 457 457 458 459 458 458 458 457 455 454 452 452 452 452 450 449 447 447 446 446 446 445 445 445 445 445 446 447 447 447 446 445 444
471 475 482 487 488 489 490 490 489 488 486 485 484 481 480 478 476 469 461 457 452 450 450 449 449 448 447 447 447 447 447 448 448 448 448 447 447 447 447 448 448 449 451 454 457 461 462 463 464 464 464 463 462 461 460 459 459 459 459 459 458 457 457 458 458 457 456 455 453 451 450 449 449 449 450 450 450 450 448 448 447 446 446 446 446 446 446 446 446 446 446 446 445 444
470 475 481 485 485 485 485 486 485 483 483 482 482 481 479 477 474 471 466 458 454 451 450 450 449 448 447 446 446 446 447 448 449 448 447 447 447 447 447 447 447 448 450 453 457 459 462 463 464 464 464 463 462 461 460 459 459 459 459 458 458 458 457 457 457 456 455 452 449 448 448 447 447 447 447 449 451 452 451 449 447 446 446 446 446 446 446 446 446 446 445 445 445 444
465 472 478 481 481 480 481 481 481 480 480 481 481 480 479 477 475 471 468 465 458 452 450 449 448 448 447 446 446 446 447 448 448 448 447 446 446 446 447 447 447 448 450 452 454 458 461 463 464 464 463 462 461 460 459 459 459 459 458 457 457 456 456 455 455 454 453 451 449 448 448 448 447 447 447 448 451 453 452 450 448 446 446 445 446 446 446 445 445 445 445 444 445 446
461 465 470 475 476 476 477 477 477 477 479 479 480 479 478 477 475 472 469 465 458 452 448 447 447 447 447 446 447 447 447 447 447 447 446 446 447 447 448 448 448 448 449 450 452 454 457 459 461 462 462 461 461 460 459 459 459 458 458 457 456 455 454 453 452 451 450 450 450 450 450 449 449 449 449 451 454 456 454 452 450 448 446 446 446 445 445 445 445 444 444 444 444 446
456 459 464 467 470 471 471 472 472 473 476 478 479 477 476 474 473 471 470 465 460 454 450 448 447 446 447 447 447 448 448 448 448 447 447 447 447 448 448 449 449 449 449 449 449 450 452 454 456 459 460 460 460 460 459 459 458 458 457 456 455 454 453 452 451 451 450 450 450 452 452 452 452 454 456 460 461 459 456 453 452 451 450 448 446 445 445 445 445 445 444 444 445 446
451 454 456 460 463 464 466 468 471 474 476 477 477 475 473 470 470 469 468 466 461 456 452 449 447 447 447 447 448 448 448 448 448 449 449 449 448 448 448 448 449 450 450 449 449 450 451 452 454 455 457 458 458 459 458 457 456 456 456 456 455 455 454 454 454 454 453 453 453 454 454 455 456 462 467 468 469 467 464 461 461 461 457 451 447 445 445 445 444 444 444 445 445 445
448 449 452 455 458 459 461 463 467 471 473 475 473 473 471 470 468 467 466 464 459 455 452 450 448 447 446 447 448 449 449 449 448 449 450 450 450 449 448 448 449 449 450 450 450 450 451 452 453 454 455 456 456 457 457 456 455 455 456 456 456 456 455 455 455 456 456 457 458 460 461 463 467 470 472 474 474 474 473 473 472 472 467 460 452 446 445 444 444 444 444 445 445 445
446 447 448 451 455 457 458 459 460 462 465 467 469 468 466 466 466 464 461 458 456 454 451 450 449 448 448 448 450 451 451 450 450 450 451 452 451 450 450 450 449 449 450 450 450 450 450 451 452 453 453 453 454 455 455 456 456 458 458 458 457 457 457 457 457 457 459 463 466 468 472 474 475 477 477 477 477 476 475 476 477 475 473 467 459 452 447 445 444 445 445 445 445 445
444 444 446 450 452 453 453 454 455 456 458 461 462 462 461 460 460 459 457 455 453 450 450 449 449 449 450 451 452 453 453 452 451 451 452 453 453 451 451 450 449 449 449 450 450 450 450 451 452 452 453 453 455 457 458 459 461 462 462 461 460 459 459 459 460 462 465 468 473 477 480 480 479 479 478 479 480 479 478 477 477 477 475 472 465 456 450 447 447 447 446 445 444 444
444 445 446 448 449 449 449 449 450 452 454 456 457 457 455 454 453 453 453 451 450 449 447 447 447 449 450 452 453 453 453 452 452 452 453 453 453 452 451 450 449 449 449 450 450 450 450 451 453 454 455 456 457 459 460 462 463 464 464 463 461 460 460 461 463 466 469 473 477 481 482 481 481 480 479 478 480 480 479 479 477 476 477 474 468 461 456 451 450 450 447 445 443 443
445 446 447 447 447 446 446 447 448 449 451 452 453 453 452 450 449 448 448 448 447 446 446 447 448 449 449 450 452 452 452 452 452 452 452 452 452 452 452 451 451 450 450 451 451 451 450 451 452 454 455 456 458 459 460 461 462 464 464 463 462 462 461 461 462 464 467 470 474 478 480 481 480 479 477 476 476 477 478 478 477 476 475 473 470 466 461 457 456 456 455 451 448 446
447 447 447 447 447 447 447 447 447 448 449 450 450 451 450 450 448 447 446 446 446 447 447 447 448 449 450 451 452 453 453 453 453 452 451 451 451 452 453 452 452 452 452 452 452 451 450 450 451 452 454 455 457 459 459 460 461 463 463 464 463 463 463 462 462 462 464 468 470 473 476 476 477 476 474 471 471 474 476 476 476 476 476 475 473 471 469 467 466 465 464 462 458 454
448 448 448 448 448 448 448 448 448 448 448 449 450 450 451 451 450 448 447 446 447 448 449 449 449 450 451 454 456 456 455 455 454 453 452 451 451 452 452 453 453 453 452 453 453 452 452 452 452 453 454 456 458 459 459 460 462 462 463 463 464 463 463 462 462 462 463 465 468 468 470 472 472 472 470 469 470 474 477 478 478 477 478 477 476 475 474 473 473 474 473 470 468 462
447 447 447 448 448 447 448 447 448 448 448 449 451 453 453 453 452 450 449 449 449 450 451 451 451 452 454 457 459 459 458 456 455 454 453 452 451 451 452 453 453 453 452 452 453 453 453 454 454 453 454 457 459 460 460 461 462 463 463 463 463 463 463 462 462 462 462 464 465 466 467 469 469 469 468 468 471 474 478 480 479 478 478 478 477 477 476 476 476 476 478 478 475 470
448 447 447 448 447 447 447 447 447 447 448 450 452 454 455 454 452 452 451 450 450 450 450 452 453 455 457 458 459 459 458 456 455 454 452 450 448 449 450 451 451 451 451 451 451 452 453 454 455 455 456 459 461 463 463 464 464 464 464 463 463 463 463 462 462 462 463 463 463 464 466 468 470 469 468 468 469 473 477 479 479 478 477 477 478 477 476 476 477 478 479 480 479 476
448 448 447 447 447 446 446 446 446 447 448 450 453 456 456 455 453 451 451 451 450 450 451 452 454 455 456 456 456 455 456 455 454 452 450 448 447 446 447 448 449 449 449 449 450 451 452 454 456 457 458 460 462 464 465 466 466 465 464 463 463 463 463 462 462 462 463 463 463 464 465 468 471 470 469 469 469 470 473 476 477 476 476 477 478 479 478 478 479 480 480 481 481 479
447 447 447 447 447 447 446 446 447 447 448 450 453 455 456 455 453 452 452 452 452 452 452 453 454 455 456 455 455 454 454 453 452 451 450 448 447 447 447 448 449 450 450 451 453 454 455 456 457 459 460 461 463 463 464 465 465 465 464 463 463 463 463 463 463 463 464 465 465 464 464 466 467 468 468 467 467 468 469 471 473 473 473 474 476 476 476 476 477 479 479 479 478 476
446 446 446 445 445 446 446 447 447 447 448 449 451 452 453 453 453 453 453 455 455 454 452 451 452 453 454 455 454 453 453 452 451 450 449 449 448 448 449 450 452 453 455 456 458 458 457 458 460 461 462 463 463 464 464 465 466 466 465 464 464 463 464 465 465 465 465 465 465 464 464 463 464 464 464 464 464 465 465 466 466 467 467 468 469 469 469 469 470 472 473 473 473 471
446 445 445 445 445 446 446 447 447 446 447 448 449 450 450 451 451 453 455 455 456 455 453 451 449 450 451 451 451 450 450 451 451 450 449 450 450 450 450 451 453 455 456 458 458 458 459 459 461 462 463 464 464 465 466 466 466 465 464 463 462 463 463 464 465 465 464 462 461 460 459 459 459 460 462 463 462 461 461 461 461 461 462 462 463 463 463 463 464 466 466 466 466 465
447 447 447 446 446 447 447 447 447 446 446 447 448 449 449 449 451 453 456 457 456 455 454 451 450 449 448 448 448 448 449 450 449 449 449 449 450 450 450 450 452 453 454 455 455 456 457 458 459 461 463 465 465 465 465 464 463 461 460 461 461 460 460 460 461 462 461 459 457 457 457 456 456 457 459 460 460 460 459 458 458 459 459 460 461 461 461 460 460 460 461 461 461 460
446 447 447 447 447 447 448 448 448 447 447 447 447 448 448 448 451 455 457 457 457 455 453 451 450 449 449 448 447 446 446 447 447 446 446 446 447 447 447 448 449 450 451 452 453 453 454 456 457 458 460 462 463 463 462 460 459 458 458 457 458 458 457 457 457 456 455 455 456 457 456 456 455 455 456 456 457 457 457 457 457 457 458 459 460 460 460 460 459 458 458 459 460 459
444 445 445 446 447 448 448 449 449 449 448 448 448 448 449 450 452 455 457 457 457 456 454 451 450 449 449 448 446 445 445 445 445 445 444 445 445 445 446 447 447 447 447 448 450 452 453 454 455 455 455 455 456 457 456 457 456 455 453 453 454 455 455 455 455 454 453 453 452 453 454 454 454 454 454 454 455 455 456 456 456 456 457 458 457 457 457 457 457 456 457 458 459 459
444 444 444 445 446 447 448 448 449 449 449 449 449 449 449 450 452 454 455 456 456 456 454 451 450 448 447 446 446 444 444 444 444 444 445 445 445 445 445 445 446 446 446 446 448 449 450 452 452 452 451 451 451 451 452 453 453 453 451 451 452 453 454 454 454 454 452 450 449 449 450 450 451 451 451 452 453 454 454 454 455 455 455 455 455 454 455 456 456 456 457 457 458 458
445 444 444 445 446 447 448 448 448 448 448 448 448 448 449 450 452 455 457 458 457 457 455 452 450 448 447 446 445 444 444 444 444 445 444 444 444 444 444 444 444 445 445 445 445 447 448 448 448 449 449 448 448 449 450 451 451 451 450 450 450 451 451 451 450 450 450 449 448 447 447 448 448 449 450 451 452 452 452 453 453 453 453 453 452 452 453 454 455 455 454 455 455 456
446 445 445 445 446 447 447 448 448 448 447 446 447 447 449 451 454 458 460 460 459 458 455 451 449 448 447 446 445 444 444 445 445 444 444 444 444 444 444 444 444 445 444 444 444 445 445 445 445 446 446 446 446 446 447 448 448 449 448 448 449 448 448 448 448 448 449 449 448 447 447 447 447 448 449 450 449 450 450 450 450 450 450 450 449 450 450 450 449 449 449 450 451 452
446 445 445 445 446 446 446 447 447 447 447 446 446 447 449 452 457 460 463 462 460 458 456 454 451 449 448 447 446 445 445 445 445 444 444 444 444 444 444 444 444 444 444 444 444 444 444 444 444 445 446 445 445 445 445 445 446 446 447 447 447 446 446 445 446 447 448 449 448 447 447 447 447 447 448 448 447 447 448 449 449 448 447 447 447 447 447 447 446 446 446 447 448 449
445 445 445 445 445 445 445 445 446 446 446 445 445 446 448 451 456 459 461 461 460 459 459 458 455 452 450 449 448 446 445 444 444 444 444 444 444 444 443 443 443 443 443 443 444 444 444 444 445 445 446 446 446 446 447 446 445 445 445 446 445 445 444 444 444 445 446 446 446 446 446 446 446 446 446 445 445 444 445 446 446 445 444 445 445 445 445 446 445 444 444 444 445 446
445 445 445 445 445 445 445 445 445 445 445 445 445 445 446 449 453 456 459 460 460 459 459 457 456 453 452 450 449 447 444 443 443 443 444 444 444 443 442 442 442 443 443 443 443 443 443 443 444 445 446 445 446 447 447 447 446 445 445 445 444 443 443 443 443 443 444 444 445 445 445 446 446 445 444 443 443 443 443 443 443 443 443 443 444 443 443 444 444 444 444 443 444 444
445 445 445 445 445 445 444 445 445 446 447 447 446 446 444 444 447 451 456 458 458 458 456 455 455 455 454 452 449 447 445 444 444 444 444 444 443 443 442 443 443 443 443 443 443 442 442 442 444 445 445 445 445 445 445 445 445 445 445 444 444 443 442 443 443 443 444 444 444 444 444 444 444 444 443 443 442 442 442 442 442 442 443 443 443 443 442 442 442 443 443 443 443 444
445 445 444 444 444 444 445 445 446 448 449 450 449 448 446 446 445 448 453 455 457 456 455 454 455 456 457 456 453 450 448 446 445 444 444 444 444 444 444 444 445 444 444 443 443 443 442 443 444 444 445 444 444 444 443 444 444 444 444 444 444 443 443 443 443 443 443 443 443 444 444 444 444 443 443 443 443 443 443 442 442 442 442 443 443 442 441 441 441 442 443 443 444 444
444 445 444 445 445 445 446 447 447 449 451 452 453 452 451 450 449 449 452 453 453 453 454 455 455 456 457 457 456 454 450 448 446 445 445 445 445 445 445 445 445 444 444 444 444 444 443 444 445 446 446 446 446 445 445 444 444 444 444 444 443 443 442 442 443 443 442 443 443 443 444 444 444 444 443 443 443 444 444 444 444 443 443 442 442 442 442 442 442 442 443 443 444 444
445 445 445 445 445 446 447 449 450 450 452 454 456 456 456 455 454 453 452 451 451 451 452 453 454 455 455 455 456 454 452 449 448 447 446 445 445 445 444 444 443 443 443 443 444 444 444 445 447 448 448 448 448 447 446 446 446 446 444 443 443 442 442 442 443 443 443 443 443 443 443 444 444 444 444 444 444 444 444 444 444 444 443 442 442 442 442 442 442 442 442 442 443 443
445 445 445 445 445 445 447 450 453 454 454 456 457 458 459 458 457 454 452 450 449 450 451 452 452 453 453 454 454 454 452 450 448 447 446 445 444 444 443 442 442 441 442 443 443 443 443 444 447 449 450 449 448 446 445 445 446 446 445 444 443 443 443 443 444 444 444 444 444 443 443 443 444 444 444 444 444 443 443 443 444 443 443 443 443 443 443 442 442 441 441 442 442 443
446 445 445 445 444 445 447 451 454 455 454 455 456 458 459 460 459 456 453 450 449 449 449 450 450 450 451 452 454 454 453 452 449 447 445 445 444 443 442 442 441 441 442 442 442 442 442 443 446 448 449 448 447 444 443 444 445 444 444 444 444 444 444 444 444 444 444 444 443 443 444 444 443 443 443 443 443 442 442 442 442 443 443 443 444 444 443 443 442 442 442 442 443 443
446 445 445 444 444 445 446 449 452 454 454 455 456 458 459 460 460 458 454 451 448 447 447 447 446 447 448 450 453 454 455 453 450 447 445 444 443 443 443 442 442 442 442 443 443 443 443 444 445 446 447 447 446 444 444 444 445 444 444 444 444 444 445 445 445 444 443 443 444 444 444 444 443 442 442 442 442 442 442 441 441 441 442 443 443 443 443 442 442 442 442 443 443 443
446 445 445 445 446 446 447 448 450 452 455 456 456 457 457 458 458 457 454 448 445 444 444 443 443 444 447 450 453 455 456 456 454 450 447 445 444 444 443 443 443 443 444 446 447 447 447 447 446 446 445 445 445 444 444 445 445 444 444 444 443 443 444 444 445 445 444 443 444 445 445 444 443 442 442 442 442 443 443 442 441 441 441 441 442 442 441 441 441 442 442 443 443 443
447 446 446 446 446 447 448 448 450 453 455 457 457 457 456 456 457 457 454 447 443 442 442 442 442 443 447 451 454 456 457 457 456 453 450 448 446 445 445 445 445 446 448 449 450 450 450 449 447 446 445 445 445 445 444 444 444 444 444 444 444 444 444 445 445 445 444 443 443 444 444 444 444 443 442 442 443 443 443 442 441 440 440 440 441 441 441 441 441 441 442 442 443 443
448 447 446 445 444 445 448 450 452 455 456 457 457 457 457 457 458 459 457 452 446 443 442 442 443 445 448 452 455 456 455 455 454 451 448 447 446 445 445 446 447 448 450 451 452 451 450 448 447 446 445 445 445 444 444 444 444 445 445 446 446 445 445 445 445 445 445 443 442 442 442 443 443 443 442 442 442 442 442 441 440 439 440 440 441 441 441 441 441 441 442 443 444 443
450 446 444 443 443 445 448 450 453 455 456 457 458 458 458 457 458 458 457 451 446 444 443 443 444 446 448 451 453 454 454 454 453 450 448 446 446 445 445 446 448 449 450 451 451 449 448 447 446 445 445 445 444 444 444 444 444 445 446 446 446 445 444 444 444 444 444 443 442 441 441 442 443 443 442 442 441 441 440 440 439 440 440 441 441 442 442 441 441 441 442 443 443 443
450 447 444 444 445 446 448 451 452 454 455 456 457 457 457 456 455 455 454 452 449 446 446 446 446 446 447 449 450 451 452 452 452 450 448 447 447 447 446 446 448 449 450 450 450 449 447 446 445 445 445 445 445 444 445 445 445 445 445 445 445 444 443 443 442 442 443 443 442 441 441 442 443 443 443 443 442 441 441 440 440 440 441 441 442 441 441 441 441 441 442 442 442 442
