geodata/srtm_inzell.asc
ncols        1010
nrows        347
xllcorner    14.305138888915
yllcorner    46.583472222220
cellsize     0.000277777778
NODATA_value -32768
[rows 126 to 167 of 347, columns 752 to 845 of 1010]
445 444 444 444 444 444 444 444 444 444 444 444 445 446 447 448 448 450 454 460 467 473 476 478 479 479 478 478 477 477 477 480 483 485 486 487 489 490 491 493 496 498 499 499 500 500 500 499 499 498 498 497 491 485 480 478 477 476 476 480 484 487 488 489 489 488 486 485 484 485 487 489 489 488 487 486 486 487 488 488 489 491 493 495 497 498 499 502 505 507 507 506 506 505
443 443 442 443 443 443 444 444 443 443 444 444 444 444 443 444 446 449 451 456 464 470 474 475 477 477 477 477 477 477 478 482 486 487 488 489 489 491 492 495 498 500 501 501 501 501 501 501 500 498 497 496 491 485 483 482 482 480 480 482 486 489 491 492 492 490 488 486 485 484 484 484 484 484 483 483 482 482 482 483 485 487 489 491 493 495 497 500 503 506 506 506 504 503
443 443 443 443 443 444 444 444 444 444 444 445 444 444 443 444 445 447 449 454 462 468 471 474 474 475 475 475 475 475 478 482 485 488 489 490 491 493 496 497 499 500 501 502 502 503 503 503 502 499 496 493 490 488 485 483 483 482 481 483 485 488 491 491 491 488 486 484 482 481 480 479 479 478 477 476 477 477 477 479 482 483 485 486 490 493 496 499 503 505 506 505 503 502
443 444 444 444 444 444 444 444 444 444 444 445 445 444 444 444 445 446 449 455 462 469 473 475 475 475 474 474 473 474 477 481 485 487 489 490 492 495 497 498 499 499 500 502 503 503 504 505 504 501 498 494 492 489 486 485 486 485 484 483 484 485 488 489 489 487 483 482 480 478 477 475 474 473 472 472 473 473 473 475 476 478 481 483 487 492 495 498 500 503 504 503 502 501
444 444 445 445 444 444 444 444 443 443 444 444 445 445 444 444 444 446 450 457 465 473 479 482 481 479 477 475 475 476 478 481 484 485 487 489 492 494 497 498 498 499 500 501 502 504 507 507 505 503 502 501 498 495 490 490 489 488 484 483 483 484 485 486 486 483 481 479 477 475 475 474 473 471 471 471 471 471 472 472 475 477 479 482 487 491 494 497 498 500 501 501 500 500
444 445 445 445 444 443 443 443 444 444 444 444 444 444 444 444 444 446 451 458 466 474 482 485 484 481 480 478 477 476 478 480 482 483 485 488 491 493 495 497 499 501 502 502 504 506 507 507 506 505 506 508 505 501 498 495 492 490 486 483 483 484 483 482 481 479 477 475 476 478 480 481 480 477 474 473 474 474 475 478 480 483 484 486 490 493 495 496 496 497 499 499 499 500
445 445 444 444 443 443 443 444 444 444 444 444 444 444 444 444 445 446 450 456 464 472 478 482 483 483 482 481 479 478 477 477 479 479 481 484 487 491 493 496 498 502 504 505 507 508 509 509 510 511 512 512 511 507 504 500 497 493 490 487 485 484 484 482 480 477 475 475 476 482 488 488 487 483 477 477 478 480 480 482 484 486 487 489 492 493 494 494 495 497 498 500 500 501
445 445 444 443 443 443 443 444 444 444 444 444 444 444 444 445 445 446 448 451 457 466 473 479 482 483 483 481 481 479 477 475 473 473 475 479 482 485 490 493 496 499 502 506 509 510 510 511 513 515 516 515 514 512 510 506 503 500 495 491 487 485 484 484 483 482 481 481 483 487 489 490 490 486 483 482 484 485 485 486 487 488 488 489 491 492 492 493 494 496 499 501 503 503
445 445 444 444 443 443 443 443 443 443 444 445 446 445 445 444 444 444 445 446 451 457 465 471 476 479 479 479 480 480 477 474 471 469 469 473 476 479 483 487 489 494 500 505 510 511 510 510 512 514 517 517 517 516 513 511 509 506 501 493 488 485 485 485 486 486 486 487 489 490 492 492 492 491 489 490 489 489 488 489 489 489 489 489 490 490 490 490 492 494 497 500 504 505
445 445 445 445 445 444 444 443 443 444 445 446 446 446 445 444 444 443 443 444 446 450 455 460 465 468 471 474 475 476 476 474 470 466 465 467 470 473 478 481 484 488 495 502 506 510 511 511 512 514 517 519 519 520 520 520 517 514 505 496 490 486 486 488 489 491 491 490 491 493 493 493 493 493 493 493 492 490 488 488 488 489 488 488 489 489 489 489 491 493 495 498 502 505
445 445 445 445 445 445 445 444 444 444 444 445 446 445 445 444 444 444 443 443 443 446 449 451 454 458 461 463 465 466 466 466 464 461 461 463 464 465 469 474 477 483 490 495 501 507 510 511 512 514 516 518 520 521 522 522 521 518 512 503 496 491 488 488 490 491 492 493 493 493 494 494 494 494 494 492 491 489 487 486 486 486 486 486 487 488 489 490 491 494 496 498 502 505
444 444 444 444 444 444 445 444 444 444 444 444 444 443 444 444 444 444 444 444 443 444 444 446 448 449 451 452 453 454 454 455 456 455 454 456 458 459 461 465 472 477 481 488 495 500 506 509 511 513 515 517 520 520 521 522 521 519 515 510 503 496 490 489 490 492 493 493 493 493 493 493 493 493 492 490 488 487 485 484 484 484 483 482 484 486 488 489 491 493 494 496 500 502
443 443 443 443 443 443 444 444 444 444 444 443 443 443 443 443 443 443 444 444 444 444 444 444 444 445 445 446 446 447 447 449 450 450 451 452 454 455 456 460 466 471 474 478 485 491 496 501 506 511 514 518 519 520 519 519 520 519 516 511 505 498 494 492 492 492 492 492 490 490 490 491 491 490 489 488 486 485 483 481 481 481 480 479 479 481 484 486 487 488 490 491 493 497
442 442 443 443 442 442 442 443 443 444 445 445 444 444 444 443 443 443 443 443 443 444 443 443 443 443 444 443 444 444 445 446 447 447 447 448 449 450 450 452 457 461 465 470 477 484 490 496 501 507 510 514 516 517 516 517 519 520 516 511 504 498 495 493 493 493 492 491 489 488 487 488 489 489 489 487 486 484 483 481 479 479 478 476 474 476 478 480 481 481 482 483 486 489
442 442 441 441 441 441 441 442 443 445 446 446 445 444 444 443 442 442 442 443 443 444 444 443 443 442 442 442 443 443 444 444 445 445 445 445 445 446 447 449 451 453 457 462 468 476 483 490 496 501 505 509 512 512 513 515 517 517 514 509 504 498 494 493 492 493 493 491 489 486 485 486 488 489 490 488 486 485 484 483 481 479 476 473 471 469 469 471 472 472 472 474 477 479
442 442 441 441 441 442 442 441 443 444 445 445 444 443 442 442 442 442 443 443 444 445 444 443 442 442 442 442 443 444 444 444 444 444 444 444 444 445 446 446 447 450 452 456 461 466 474 482 489 494 499 502 505 510 512 513 514 512 508 505 501 498 494 492 492 491 491 490 487 484 483 483 486 489 490 489 488 485 483 482 480 477 475 472 467 463 460 460 461 463 465 467 470 471
443 443 442 441 441 441 441 441 442 444 445 443 442 442 442 442 442 443 444 445 445 445 445 443 442 441 441 441 442 443 444 444 443 444 444 444 444 445 446 446 445 445 447 450 454 459 467 476 482 485 490 495 500 505 507 508 507 506 504 501 499 496 494 492 490 489 489 487 485 483 481 481 482 485 486 487 487 485 483 480 478 476 474 472 467 462 458 457 457 457 458 461 463 464
444 443 443 442 441 441 440 441 442 442 443 442 441 442 442 443 443 444 444 445 445 445 444 442 441 441 441 442 442 443 443 444 444 443 444 444 445 445 447 447 446 444 444 446 449 453 460 468 472 475 479 484 489 493 496 497 498 497 498 497 495 494 492 490 488 487 487 486 484 481 480 479 479 480 482 483 484 484 483 479 476 474 472 470 466 462 458 455 454 453 453 456 460 463
444 444 443 442 441 441 441 441 441 442 442 442 441 441 441 442 442 443 444 444 444 443 443 442 442 442 442 442 442 443 443 443 443 443 443 443 444 445 446 446 446 444 443 444 446 449 452 456 461 464 467 470 474 477 480 482 484 486 487 489 490 489 488 487 486 487 486 485 484 483 481 480 479 479 480 481 483 483 481 479 475 471 468 465 463 461 458 455 453 452 453 457 462 466
446 445 444 442 441 440 440 441 441 442 442 443 442 442 442 442 441 442 443 443 443 442 442 441 441 442 442 442 443 443 443 443 443 443 442 443 443 444 444 443 443 443 442 443 443 444 445 448 452 455 458 460 462 463 465 468 471 475 477 478 480 482 482 483 484 485 485 484 484 485 486 484 483 481 481 481 483 483 481 478 475 470 465 461 459 457 456 454 453 453 454 459 464 467
446 445 444 442 441 441 441 441 441 441 442 442 443 443 443 443 443 442 442 442 442 442 441 441 442 442 442 442 442 443 443 443 443 443 442 443 443 444 443 442 442 442 443 443 442 442 441 442 446 448 450 452 453 453 455 457 459 463 466 469 472 475 477 479 479 480 480 480 481 484 485 485 482 481 480 480 480 478 475 472 469 466 462 458 454 453 453 454 454 455 458 462 465 467
445 443 442 442 441 442 442 443 442 442 441 442 442 443 443 444 443 443 442 442 442 442 442 442 441 441 441 441 442 442 443 443 443 443 442 442 443 443 443 442 442 443 444 444 444 443 442 442 442 444 445 447 448 447 446 449 452 453 455 459 463 466 471 472 472 472 474 474 475 477 479 477 474 473 474 475 474 471 467 463 460 458 455 453 451 450 451 451 453 455 459 462 466 468
444 442 441 441 441 442 443 444 445 444 443 442 442 443 443 443 443 443 443 443 443 443 442 441 441 441 441 441 441 441 442 442 443 442 443 444 444 443 443 443 443 444 444 445 445 445 444 443 442 442 443 443 444 443 443 443 445 447 448 448 450 454 460 463 464 465 466 468 469 470 471 468 464 463 464 462 461 459 457 453 449 447 447 447 448 449 449 450 451 454 459 464 466 468
445 443 443 443 443 443 444 445 446 446 444 443 443 442 442 443 443 442 443 443 443 443 442 442 442 442 442 441 442 442 442 442 442 442 443 444 443 443 442 443 443 443 443 444 444 444 443 442 441 441 441 442 442 442 442 442 443 443 443 444 446 447 450 451 452 455 458 461 462 463 462 460 457 456 455 452 449 447 446 444 442 443 446 447 447 447 447 446 448 452 458 462 466 467
444 444 444 444 444 444 445 446 446 446 444 443 443 442 442 442 442 442 442 443 443 443 443 442 443 443 442 442 442 443 443 443 442 442 443 442 442 441 441 442 443 443 443 443 443 443 442 441 441 441 442 442 443 443 443 443 442 442 443 444 445 445 444 445 446 448 451 455 457 458 456 454 451 451 449 445 442 439 440 439 441 443 445 445 446 445 445 445 447 449 453 459 462 464
445 445 445 446 446 446 447 447 446 445 444 443 443 443 443 442 442 442 443 443 443 443 443 442 442 442 442 442 442 442 442 443 443 443 443 442 441 441 441 442 442 442 442 442 442 442 442 442 442 442 442 442 442 442 443 443 443 443 444 444 444 444 443 443 443 445 447 449 451 453 452 449 447 445 444 442 440 440 439 441 443 443 444 444 444 444 444 444 446 448 451 454 458 460
447 448 448 448 447 448 448 448 447 446 445 444 444 444 443 443 442 443 443 443 443 443 442 442 442 442 442 442 441 441 442 442 442 443 442 442 441 441 441 442 442 442 442 442 442 442 443 443 443 442 442 442 442 442 442 443 443 443 443 443 443 443 442 441 441 442 443 445 447 447 448 445 442 442 442 441 441 441 441 441 442 442 442 442 443 443 442 443 445 446 449 452 455 459
449 450 451 450 450 450 450 449 449 448 447 446 446 445 443 442 442 442 443 443 443 442 442 441 441 442 442 442 441 441 441 441 441 441 441 441 441 442 442 443 443 443 443 443 443 442 443 442 442 441 441 441 441 442 442 443 442 442 442 442 443 442 441 441 440 441 441 442 443 443 443 442 442 441 441 440 440 441 441 441 441 441 441 441 442 442 441 442 443 444 445 448 453 459
451 452 453 453 451 451 451 451 451 450 448 447 446 444 443 442 441 441 442 443 443 443 442 442 443 442 442 442 442 442 442 441 441 441 441 442 442 442 443 443 444 444 443 443 443 442 441 441 441 441 440 440 441 441 442 442 442 441 442 443 443 442 442 441 440 441 440 441 441 441 441 441 441 441 441 441 441 441 441 441 441 442 442 442 442 441 441 442 443 444 446 448 454 461
453 454 455 454 452 450 450 450 450 449 448 446 444 443 442 442 442 442 442 442 443 443 442 442 443 443 442 442 442 442 442 441 441 442 442 442 442 443 443 443 443 443 443 444 443 442 440 440 441 441 441 441 441 441 441 441 441 442 442 443 443 442 441 441 440 441 441 441 441 441 441 440 440 441 441 441 442 441 441 441 442 443 443 442 442 441 441 441 442 443 445 451 456 464
454 454 454 453 451 448 447 446 447 448 448 446 443 441 442 443 443 443 443 443 443 443 442 442 442 442 442 442 441 441 441 441 441 442 442 442 442 442 442 442 442 443 443 444 443 442 441 441 441 442 441 441 441 441 441 441 442 443 443 443 443 442 441 440 440 441 441 441 441 440 440 440 441 441 441 441 441 441 441 442 443 443 443 442 442 441 441 441 442 442 444 449 456 464
452 453 453 452 449 446 444 442 442 444 445 445 443 442 442 443 443 443 443 443 443 443 442 441 441 442 442 441 441 441 442 442 442 442 442 442 441 441 441 441 441 442 443 443 442 442 443 443 443 442 442 441 440 440 441 442 442 443 443 443 443 442 442 441 440 440 441 440 440 440 440 440 441 441 442 442 442 442 442 443 443 444 443 443 442 442 442 442 442 442 443 446 453 461
448 449 449 449 447 444 441 440 440 442 443 443 443 443 443 443 442 442 442 442 442 442 442 441 441 441 441 441 442 442 442 442 441 441 441 441 440 441 441 441 441 441 442 442 442 442 443 443 443 443 442 442 441 440 441 441 442 442 442 442 442 443 443 442 441 440 440 440 440 440 440 440 441 442 443 442 442 443 443 444 444 445 444 444 443 443 442 442 442 442 442 444 447 453
444 444 444 443 442 440 439 439 440 441 442 442 442 442 443 442 442 442 442 442 443 443 442 442 442 442 442 442 442 442 442 442 441 441 441 441 441 441 441 441 442 442 442 442 442 441 441 442 442 442 442 442 442 442 442 442 442 442 442 441 442 442 442 442 441 440 440 440 440 440 440 441 442 443 443 442 442 443 443 444 445 445 445 444 443 442 441 441 441 441 441 442 443 449
441 441 442 442 442 440 439 440 441 441 441 442 441 442 442 442 441 442 442 443 443 443 443 443 443 443 443 442 442 442 441 441 441 441 441 442 441 441 441 442 443 443 443 442 441 440 440 441 441 442 442 442 442 442 442 442 442 442 442 442 441 441 441 441 441 440 441 441 441 441 441 441 442 443 443 442 442 442 443 444 444 444 444 443 442 442 441 441 441 441 441 441 443 447
440 441 443 444 444 443 442 442 442 443 442 442 442 441 441 441 441 441 442 443 443 443 443 443 442 442 442 442 442 441 441 441 441 442 442 443 442 442 442 442 442 442 441 441 441 440 440 440 441 441 441 441 441 441 441 441 442 442 442 442 441 441 441 441 442 442 441 441 441 441 441 441 442 442 442 442 442 442 442 442 443 443 443 443 442 443 442 442 442 442 442 442 442 445
440 441 442 444 445 445 443 443 442 443 443 442 441 440 439 439 439 440 441 442 443 443 443 443 442 442 442 442 442 442 442 441 441 442 443 444 443 443 443 442 442 441 441 440 440 439 439 440 440 440 440 440 441 441 441 441 442 443 442 441 440 440 441 441 442 443 442 442 442 442 441 441 441 442 442 442 441 441 441 441 441 442 442 443 443 444 444 444 444 444 443 443 442 442
441 441 442 442 442 442 441 441 441 442 442 441 440 439 438 437 438 439 440 441 442 443 443 443 442 442 442 442 442 442 442 442 442 442 443 443 442 442 442 441 441 441 440 440 440 439 440 440 440 440 440 441 441 441 441 441 442 442 441 440 439 439 440 441 442 443 443 444 444 443 442 442 442 442 442 442 443 442 441 441 442 442 442 442 443 444 445 445 444 444 444 442 441 441
442 442 442 441 441 440 439 440 441 441 442 443 442 440 438 437 437 438 439 440 441 442 443 442 441 442 442 442 442 442 442 442 442 442 442 441 441 441 441 441 440 441 441 441 440 440 440 441 441 441 441 441 441 441 441 441 442 442 441 440 439 439 440 441 441 442 442 444 444 443 442 442 442 443 443 443 443 442 442 442 442 442 442 442 442 443 444 444 444 443 442 441 441 441
441 442 442 441 440 439 440 440 440 441 443 444 443 442 440 438 438 438 440 440 441 441 441 441 441 441 441 442 442 441 441 441 442 442 442 441 441 440 440 440 439 440 441 441 441 440 440 440 440 440 440 440 439 440 441 441 441 441 441 441 441 440 440 440 439 440 441 443 443 442 441 441 442 442 443 443 442 442 442 442 441 442 442 442 442 442 442 443 443 443 442 441 441 440
441 442 441 440 439 439 440 440 440 440 441 443 443 443 442 441 439 439 440 440 440 440 441 441 441 441 441 441 442 441 441 441 442 443 443 442 441 440 440 439 439 440 440 440 440 440 440 439 439 439 439 439 439 440 441 441 441 440 441 441 441 441 440 439 439 440 441 443 442 442 441 440 440 441 442 442 441 441 441 441 441 441 442 442 441 441 441 441 441 442 442 440 439 439
442 442 441 441 440 440 440 439 439 438 438 439 441 442 443 442 441 440 439 439 438 439 439 440 440 439 439 440 440 441 441 440 441 442 442 441 440 439 439 439 440 440 441 441 440 440 440 439 439 439 439 439 439 440 440 441 440 440 440 441 441 440 440 439 439 440 441 441 441 441 440 439 439 440 441 441 440 441 441 441 441 441 441 441 441 441 441 440 439 440 439 439 438 437
