geodata/srtm_inzell.asc
ncols        1010
nrows        347
xllcorner    14.305138888915
yllcorner    46.583472222220
cellsize     0.000277777778
NODATA_value -32768
[rows 294 to 335 of 347, columns 282 to 375 of 1010]
664 671 679 686 694 701 707 709 708 705 698 690 679 672 665 662 658 656 659 663 672 679 688 696 701 705 710 713 715 714 710 706 702 693 690 692 695 700 702 700 697 692 680 670 665 662 658 651 642 631 622 610 600 588 582 587 595 604 610 611 611 609 607 606 606 604 604 605 605 604 601 595 588 584 580 579 578 578 573 568 566 563 558 554 554 556 559 560 560 561 562 562 563 565
679 682 685 689 693 697 700 703 703 700 694 687 680 675 673 672 671 669 668 670 675 681 688 695 701 705 709 710 709 707 702 703 701 701 701 700 702 704 706 709 706 693 681 672 667 662 658 649 636 622 612 605 599 593 590 597 607 613 615 617 618 617 615 613 610 608 607 607 609 610 607 601 594 588 584 583 584 585 584 579 574 568 563 560 559 563 566 569 570 571 573 575 578 580
691 690 688 688 691 693 694 697 699 699 696 690 682 679 678 678 678 678 678 678 681 685 690 696 701 706 710 711 709 707 708 710 711 710 708 708 708 708 711 711 706 697 683 673 666 657 653 645 631 617 608 603 596 592 595 603 611 615 617 619 620 619 618 615 612 609 608 609 610 611 610 606 602 597 592 590 591 593 592 588 583 575 570 569 570 572 574 575 576 577 580 583 586 591
694 691 689 687 686 688 690 694 697 700 698 693 686 681 680 680 681 681 682 684 686 689 694 701 706 709 712 715 716 715 716 716 716 714 713 713 714 713 711 710 704 695 688 678 663 654 648 639 627 614 602 596 591 589 598 607 613 618 620 620 620 620 618 615 613 612 611 610 611 613 612 610 606 604 600 596 596 596 594 589 584 579 575 571 574 578 580 581 583 587 593 599 603 606
694 690 689 689 689 689 692 695 701 703 702 698 690 685 681 680 682 683 686 688 692 696 700 705 709 711 713 717 720 721 722 721 720 718 717 717 717 717 715 712 705 697 690 681 667 655 646 637 623 607 600 597 600 605 608 614 620 622 623 622 621 621 620 618 616 614 613 613 615 617 617 617 616 615 611 608 604 600 598 593 587 583 579 579 580 582 584 588 593 598 605 612 619 623
693 691 691 693 695 697 699 700 703 704 704 701 698 693 690 688 688 690 694 698 700 702 707 711 714 716 718 719 723 728 729 729 729 729 729 727 728 726 725 718 710 698 690 680 666 654 644 628 615 608 602 604 610 617 622 626 629 631 629 627 626 626 626 624 622 621 621 620 619 621 623 624 625 624 623 619 613 607 602 597 593 591 591 590 590 591 592 596 600 608 616 623 629 634
695 695 697 696 698 700 701 702 703 703 702 703 702 703 703 701 700 701 704 707 708 710 714 716 720 724 726 726 727 731 735 737 739 741 740 738 736 734 728 720 703 694 686 677 663 649 636 623 617 615 613 614 623 628 633 636 640 641 638 636 635 636 635 634 635 635 635 633 632 630 629 632 632 632 630 626 620 613 606 600 598 597 598 599 598 597 600 603 609 616 626 635 643 650
701 703 703 701 700 700 702 703 703 703 703 704 705 705 707 710 710 710 712 713 712 714 715 718 723 729 732 730 729 732 738 740 744 746 746 741 736 729 721 708 695 686 679 670 657 646 634 625 620 620 621 626 629 633 637 640 643 644 644 645 645 645 644 643 644 643 643 643 642 639 638 638 640 640 637 634 630 624 615 608 608 611 612 611 608 606 607 612 618 627 638 649 658 663
713 714 713 712 707 706 705 704 705 704 704 704 704 705 709 714 719 719 719 719 717 719 720 723 725 727 726 725 725 729 733 737 739 741 741 735 728 719 709 699 690 680 672 661 651 639 629 622 618 619 622 624 629 635 640 643 644 646 647 650 651 651 651 651 650 651 652 651 649 646 643 643 645 644 643 641 638 632 625 623 622 625 626 622 620 618 618 623 631 642 653 662 669 673
723 723 722 721 720 714 710 707 705 704 704 703 703 704 709 718 723 724 724 724 724 725 725 727 726 724 718 715 717 721 727 732 733 732 730 723 715 707 696 688 680 670 658 652 643 634 626 622 619 620 623 627 632 636 641 645 645 647 650 653 655 656 656 657 657 656 655 655 655 653 651 652 652 650 648 647 644 640 636 633 634 635 634 632 629 627 630 637 645 654 664 673 677 680
728 729 729 727 723 718 713 709 707 704 704 703 704 705 710 717 723 725 727 727 727 727 726 724 723 720 713 710 710 713 718 722 724 725 720 711 700 689 681 673 664 652 646 639 636 632 630 628 627 626 629 632 636 641 646 649 649 651 653 656 659 660 661 660 660 659 659 661 661 660 660 663 663 659 656 654 653 652 650 649 647 646 643 639 636 635 639 646 655 663 671 679 683 686
730 732 731 729 721 716 713 709 705 704 704 704 703 706 709 716 723 726 726 727 728 727 724 721 720 716 712 707 704 703 703 707 710 710 704 693 685 677 667 656 649 643 637 634 632 631 634 638 638 638 638 639 644 649 654 657 658 658 659 661 663 664 663 662 662 662 663 664 665 665 665 668 670 670 667 666 665 665 664 663 661 659 656 651 645 646 649 657 665 674 682 689 693 691
728 728 728 724 718 715 712 708 705 702 702 701 701 702 705 714 719 723 726 728 729 727 724 720 716 712 707 702 700 695 693 692 691 692 686 679 673 667 657 648 641 637 636 637 636 638 641 646 649 649 649 650 653 659 664 666 667 667 668 668 670 671 670 669 667 666 666 667 668 669 669 672 675 676 677 676 676 677 678 677 674 670 667 663 658 658 661 666 675 685 693 699 701 699
723 723 723 719 715 712 710 706 704 701 699 699 699 700 703 705 712 717 723 728 729 728 724 721 715 709 703 696 692 689 685 680 679 676 673 669 663 656 650 643 637 635 636 642 647 651 654 655 656 655 655 658 661 665 669 672 674 674 673 674 674 678 681 680 677 674 674 674 674 673 675 677 680 682 684 683 684 685 687 688 685 679 675 668 665 667 671 676 682 690 698 705 707 706
716 717 715 713 709 706 705 702 700 698 697 696 696 698 699 701 703 710 718 722 723 721 719 716 711 705 700 692 685 684 680 677 673 671 666 660 654 651 649 646 644 641 641 648 659 665 667 666 665 666 665 666 667 670 676 682 685 686 685 685 685 685 687 689 687 684 684 684 684 684 685 686 688 690 691 690 690 691 693 696 693 689 682 677 673 673 677 683 690 697 703 708 710 708
709 708 707 704 703 700 698 696 695 694 693 692 693 694 696 697 698 702 707 709 710 711 712 710 704 698 693 686 683 678 674 671 668 665 661 655 653 652 653 652 651 649 653 659 668 674 674 672 672 672 672 673 673 675 683 693 695 696 695 696 695 695 695 695 694 695 694 694 693 692 692 694 695 696 696 696 696 697 699 700 702 698 694 687 684 684 685 693 701 706 710 711 711 710
700 700 697 695 693 691 691 692 692 693 693 691 690 691 691 691 692 692 694 698 701 705 702 699 695 689 683 678 674 670 668 665 663 661 657 653 653 654 654 653 653 653 656 665 674 680 683 682 680 679 677 678 678 681 688 695 701 700 699 699 700 700 700 699 698 699 700 699 698 699 699 700 701 701 700 700 700 701 702 704 704 704 702 700 697 696 696 700 704 708 709 709 710 711
693 693 692 690 690 692 693 692 693 694 693 690 688 686 685 684 684 685 686 687 689 688 688 686 683 679 674 671 669 666 664 662 660 656 653 653 654 654 655 656 656 658 662 668 676 681 686 689 691 689 686 685 684 687 691 697 701 703 703 704 705 706 704 703 702 703 703 703 704 704 706 706 706 706 705 704 702 702 703 704 705 705 705 705 706 705 704 703 705 707 707 708 709 711
689 692 693 694 696 698 700 698 694 693 693 690 687 685 682 681 681 684 686 684 682 682 680 679 676 674 672 670 669 666 663 660 657 655 655 655 656 657 657 659 661 665 670 677 683 685 690 697 701 702 700 696 694 694 697 701 706 710 711 714 714 713 711 709 708 708 708 708 708 709 710 710 711 711 709 707 707 707 706 707 706 706 707 707 708 708 708 707 706 707 708 710 711 712
691 693 696 697 698 700 700 698 696 695 695 694 692 688 684 682 684 687 690 692 690 689 688 685 681 676 673 672 670 666 664 661 658 657 657 657 658 659 660 663 670 678 685 691 693 697 699 704 708 709 708 707 703 701 703 705 709 712 716 719 720 719 716 714 713 713 713 712 712 712 713 714 714 714 714 712 712 713 714 713 712 710 709 711 712 712 711 711 710 713 717 719 720 721
698 699 700 701 702 704 704 704 702 701 702 701 698 696 692 688 690 693 694 694 694 693 691 688 682 676 672 670 671 671 668 664 661 660 664 666 666 666 667 670 677 687 695 699 703 704 707 709 710 712 713 712 709 708 707 708 710 714 720 722 723 722 720 718 717 719 718 717 716 716 717 716 716 718 718 719 719 718 719 719 717 717 717 716 716 716 716 715 717 721 723 726 728 730
711 712 712 712 712 714 717 719 716 714 709 705 702 700 699 700 700 700 699 698 698 698 694 686 680 677 674 674 677 681 679 674 672 674 678 681 681 678 677 676 679 685 692 700 706 709 711 712 713 714 714 714 713 713 712 713 715 717 720 724 725 725 724 722 722 723 725 725 724 723 721 720 719 720 722 723 724 724 725 724 724 724 724 724 723 723 721 719 719 720 724 728 732 735
723 724 724 724 725 727 729 729 728 724 719 713 709 708 706 708 708 706 704 704 704 702 696 688 684 685 689 689 691 693 694 690 687 689 692 692 691 687 683 678 677 679 686 694 701 707 709 710 712 713 713 714 716 717 719 721 721 722 723 725 726 726 726 724 725 727 728 728 728 727 729 729 728 728 727 727 727 728 730 729 728 728 729 729 729 728 726 722 720 723 728 732 736 742
733 733 732 730 730 730 731 731 730 727 723 721 719 716 716 715 715 714 713 712 709 705 699 694 692 695 702 707 708 706 703 700 697 695 695 695 693 690 686 681 678 679 685 693 697 701 706 709 711 712 714 716 719 722 725 728 729 730 730 729 729 728 727 728 729 729 729 728 728 730 732 734 735 735 733 730 730 731 732 733 733 732 732 733 733 732 730 726 724 725 728 733 741 748
740 739 738 736 735 732 732 732 730 729 726 724 723 723 721 720 722 723 723 722 717 710 705 702 702 706 712 718 718 716 712 705 699 696 694 692 690 687 685 683 681 681 682 688 694 699 706 712 715 716 717 720 723 726 729 731 734 736 737 737 736 735 734 735 737 737 736 734 734 734 737 738 738 738 738 737 736 736 737 737 737 736 735 735 734 734 733 730 727 726 729 735 744 752
745 745 744 743 740 737 734 733 731 729 727 727 727 725 725 724 727 729 731 732 730 722 715 712 714 717 724 726 726 723 718 710 702 696 692 690 687 686 686 685 684 683 683 687 692 700 708 714 717 717 719 721 724 726 728 731 735 739 740 741 740 740 741 742 743 743 742 740 739 739 740 741 741 741 740 739 738 738 738 738 738 738 738 736 735 735 734 731 728 727 730 736 743 751
748 750 750 748 745 741 737 736 735 733 732 732 733 732 731 732 735 740 745 747 746 741 734 732 733 734 736 736 734 730 727 720 711 705 703 699 694 690 690 689 689 688 688 690 695 701 709 714 716 717 718 720 723 726 727 730 737 742 743 744 743 743 744 745 745 745 746 746 744 742 740 740 739 740 740 739 738 739 738 738 738 738 737 736 735 735 732 728 727 727 728 734 741 748
752 754 756 755 751 746 740 736 735 736 735 737 739 740 740 740 745 752 757 759 758 754 751 751 753 752 749 745 741 738 734 729 721 716 716 713 708 703 701 699 696 693 691 691 694 700 708 713 717 718 719 722 724 725 729 735 741 746 748 747 746 746 747 747 747 748 749 751 751 749 746 741 740 739 739 739 739 738 737 736 735 735 734 734 733 733 730 726 725 726 727 730 737 745
757 759 761 762 758 754 747 743 739 737 741 744 748 749 750 749 753 758 761 762 762 761 760 762 762 760 757 754 751 746 743 739 734 730 728 725 720 714 709 705 700 698 694 693 693 698 705 712 717 720 722 724 727 732 737 743 747 750 752 752 752 751 751 750 750 750 753 756 758 757 753 749 745 741 738 737 738 737 735 734 732 731 730 728 728 728 725 724 725 725 726 729 735 741
760 762 765 765 762 759 756 748 745 746 748 753 757 757 758 761 761 762 761 762 762 763 763 764 766 765 763 761 758 756 752 751 745 741 737 732 726 719 714 709 706 702 699 695 696 699 705 711 716 723 728 731 734 739 745 749 752 754 755 757 758 759 760 759 758 757 757 759 760 760 758 755 751 746 743 741 739 738 738 738 736 733 730 726 724 723 726 728 727 725 726 729 734 740
764 767 769 769 767 763 760 758 756 758 759 763 765 763 763 762 763 761 759 760 761 762 762 763 765 766 765 763 762 759 758 755 750 743 739 735 730 723 717 713 710 707 703 700 699 701 706 712 721 728 731 735 740 744 749 754 757 759 761 762 763 764 764 765 764 764 765 764 764 764 764 762 759 755 751 747 742 740 740 740 740 740 738 735 732 733 735 736 737 735 732 733 737 740
769 771 771 771 768 767 766 765 764 764 765 767 767 765 762 760 758 758 757 758 759 760 761 761 763 763 763 762 761 760 759 756 751 745 739 735 730 724 718 714 713 711 707 703 702 705 709 717 723 729 733 736 741 746 750 754 758 761 763 766 767 768 770 769 770 771 771 769 769 769 768 768 765 764 760 756 750 745 742 742 742 742 743 744 743 742 744 745 746 744 742 741 741 738
771 772 771 769 767 767 767 767 765 765 765 765 764 761 758 755 755 754 755 755 756 757 758 757 758 760 760 760 761 761 760 757 751 745 739 734 729 725 721 716 713 713 711 708 708 710 714 720 725 728 733 739 744 747 751 754 757 759 763 766 770 773 775 778 778 776 774 773 772 772 772 770 770 768 767 764 759 755 752 750 748 746 746 747 747 748 748 748 748 747 745 744 741 739
770 770 768 765 764 764 764 763 762 761 761 759 757 755 752 751 751 752 753 754 755 756 756 755 755 756 758 761 763 763 762 759 753 746 739 734 729 725 721 717 715 715 715 713 713 714 718 722 725 729 733 738 743 747 751 754 756 758 761 767 772 777 780 781 782 780 778 777 778 777 776 776 776 776 772 769 765 761 758 757 756 754 750 749 749 749 749 748 748 748 746 744 743 742
767 765 763 759 758 758 757 757 756 756 755 754 752 752 751 751 751 752 753 754 755 756 756 755 755 756 758 760 762 762 762 760 755 749 742 736 730 726 723 721 720 720 719 719 719 720 720 724 729 732 736 741 745 748 751 753 756 759 763 769 776 781 783 784 785 787 790 790 789 786 784 782 781 781 778 775 770 765 761 759 758 756 754 751 750 750 749 749 750 749 747 745 744 744
762 761 758 756 755 755 755 754 753 753 753 752 752 751 751 751 751 752 754 755 757 757 756 755 755 755 755 756 757 759 760 759 757 750 743 737 733 729 727 726 725 725 724 722 721 721 723 728 734 738 741 743 747 750 753 756 759 762 766 771 777 783 787 790 793 798 801 801 798 794 789 787 785 782 780 778 773 768 765 762 761 760 757 756 755 754 754 755 756 756 752 749 746 746
758 757 755 754 753 754 754 753 753 752 752 752 752 751 752 752 752 752 753 755 757 757 756 755 754 753 753 753 753 754 754 755 753 748 744 742 740 739 736 731 730 728 726 725 721 721 724 729 736 740 743 746 750 753 757 760 764 768 772 776 780 785 791 796 800 802 803 802 800 796 791 788 786 784 783 781 778 773 769 765 762 761 761 760 760 760 759 759 761 760 759 756 752 749
758 757 756 755 754 753 753 753 753 753 753 752 752 752 752 753 752 752 753 754 755 755 755 754 753 752 752 752 751 750 751 752 752 750 746 744 744 743 741 739 735 732 729 726 723 724 728 734 739 743 744 747 750 755 759 763 766 770 775 781 786 790 794 798 802 803 803 802 799 795 791 788 786 786 786 785 783 780 775 770 767 766 768 769 769 770 768 768 767 767 765 762 758 755
759 758 757 755 753 753 753 753 753 753 752 752 751 752 752 753 753 753 754 754 754 754 754 753 753 753 752 752 751 751 749 751 753 752 749 747 745 744 742 740 738 735 732 730 727 727 730 737 744 749 750 751 754 758 763 765 766 770 777 784 790 794 797 800 801 802 803 803 799 795 793 791 790 789 787 785 784 781 779 778 776 775 776 777 778 777 776 775 775 771 768 765 763 758
759 758 756 755 754 754 755 756 755 753 752 752 752 752 753 753 753 753 754 755 754 754 754 753 753 752 752 752 751 751 752 752 753 752 751 748 746 744 742 739 736 735 733 731 730 729 731 737 745 752 756 760 763 765 767 768 769 773 780 788 795 799 801 802 803 805 806 807 804 799 796 795 795 793 790 787 785 784 783 783 783 782 781 782 783 781 780 779 778 776 773 769 765 761
759 758 756 755 755 757 759 759 757 754 753 753 753 754 754 754 753 753 754 755 755 755 756 755 754 753 752 751 750 751 752 753 754 754 752 750 747 745 742 738 736 734 734 734 733 734 737 743 749 755 760 764 768 772 775 776 776 779 786 793 798 801 804 804 805 807 809 811 810 807 803 801 799 797 796 794 792 790 788 788 789 789 791 791 789 786 783 782 782 781 777 774 770 768
760 758 755 754 754 756 758 759 757 755 754 755 755 755 754 754 753 753 753 754 755 756 757 757 756 754 752 750 750 749 750 752 754 755 756 753 750 746 743 740 738 736 736 737 737 741 746 753 757 762 765 768 771 776 780 782 783 786 790 794 800 804 805 806 807 807 809 812 814 814 812 809 807 805 803 800 798 796 795 796 796 798 797 796 796 795 792 790 788 784 780 778 776 775
