geodata/srtm_inzell.asc
ncols        1010
nrows        347
xllcorner    14.305138888915
yllcorner    46.583472222220
cellsize     0.000277777778
NODATA_value -32768
[rows 42 to 83 of 347, columns 0 to 93 of 1010]
449 449 449 450 450 451 451 450 449 449 449 448 448 448 447 447 448 449 449 449 448 448 448 447 448 448 449 450 451 453 455 455 453 453 452 453 453 454 454 454 454 455 455 456 456 456 455 454 453 453 453 452 454 458 468 478 485 493 504 516 523 525 529 530 532 533 536 539 544 548 550 551 553 558 564 571 577 580 583 587 589 589 589 589 592 596 600 604 609 614 614 613 610 605
449 448 448 448 449 450 450 449 449 448 448 448 448 447 447 447 448 449 449 449 449 448 448 448 448 448 447 447 448 449 450 450 449 450 450 451 453 455 456 457 457 456 455 455 455 455 456 455 454 454 456 458 461 470 480 489 497 507 518 527 534 536 536 534 533 533 535 540 545 548 551 553 555 559 563 569 576 581 586 591 594 596 597 597 600 602 604 606 610 613 615 614 611 607
449 448 448 449 449 449 449 449 449 448 447 447 448 448 447 447 448 449 449 449 449 450 449 449 448 447 447 447 447 447 447 446 446 446 448 451 453 456 457 458 458 457 457 455 455 455 455 455 454 456 457 463 469 478 487 495 504 513 524 531 537 539 539 538 536 535 536 539 545 551 554 558 561 565 569 573 579 584 589 595 598 598 600 603 606 608 609 611 613 614 613 612 610 606
449 449 449 449 449 449 450 450 450 448 447 448 448 448 448 448 449 450 450 450 450 450 450 450 449 449 448 448 448 447 447 447 447 449 451 454 456 457 457 457 456 457 457 456 455 455 455 456 457 458 462 469 478 486 494 500 509 519 528 534 537 539 539 539 539 538 539 542 546 551 555 560 565 571 576 580 584 588 591 594 600 603 604 606 610 614 617 618 616 613 611 609 608 605
449 448 449 450 450 451 451 452 452 451 449 449 449 449 449 448 449 450 450 449 449 449 450 450 450 450 450 450 449 450 450 451 452 452 454 455 455 456 456 455 456 456 457 456 456 455 455 457 459 461 466 473 482 491 497 504 513 521 527 531 535 536 537 537 538 538 539 541 545 550 555 560 566 572 577 584 589 591 594 599 602 605 608 609 612 616 618 617 615 611 608 606 605 605
449 449 449 450 451 451 452 452 453 452 450 449 449 449 449 448 448 448 448 448 448 448 449 450 450 450 449 450 451 452 453 453 454 454 453 453 453 453 454 455 456 456 457 457 457 456 456 458 460 463 468 476 486 494 503 510 516 520 525 529 532 533 534 535 535 536 538 541 543 547 552 560 566 571 576 583 589 593 595 599 603 608 610 610 611 613 614 614 612 608 603 600 602 604
450 449 449 450 451 451 451 452 453 453 451 450 449 449 449 448 448 448 448 448 448 449 450 451 451 450 450 450 452 453 454 454 454 454 453 453 453 454 455 456 456 457 457 457 458 459 460 461 463 466 472 480 489 497 505 513 520 525 529 532 533 534 535 535 535 536 538 540 542 544 549 556 563 569 575 581 588 593 596 600 604 606 607 607 607 608 608 607 606 603 598 597 598 602
451 450 450 450 451 451 451 452 453 453 451 450 449 449 449 449 449 449 449 449 449 449 450 451 451 450 450 451 452 453 453 454 454 455 455 455 455 455 456 456 456 456 457 458 459 461 463 464 465 467 474 481 487 495 504 513 521 527 532 535 536 537 537 537 539 540 541 542 541 542 544 551 560 567 571 577 585 591 595 599 602 603 603 602 602 600 599 600 599 597 595 593 595 599
451 451 450 450 450 450 450 450 450 450 450 449 449 449 449 449 449 450 450 450 450 450 450 450 451 451 451 452 452 452 452 453 454 455 455 455 455 455 456 456 456 455 456 457 458 460 462 464 464 466 471 478 483 490 499 508 518 525 532 535 537 536 537 539 541 543 543 542 541 539 542 548 555 561 566 571 577 584 590 593 594 594 595 593 592 590 588 588 590 589 588 589 592 597
449 450 450 450 450 450 449 450 450 450 450 449 449 449 449 450 450 450 450 450 450 450 449 450 451 452 453 454 453 453 453 453 454 454 454 454 454 454 455 456 456 456 456 457 458 460 462 464 466 469 474 478 483 487 493 502 512 521 528 533 535 537 538 540 543 545 544 543 541 541 543 546 552 557 561 564 570 576 580 583 585 587 586 586 583 581 581 581 581 583 586 589 594 598
448 448 449 449 450 450 451 451 451 451 450 450 449 450 451 451 451 451 451 450 450 450 451 451 452 453 454 454 455 454 454 454 454 455 454 454 454 454 455 456 456 456 456 457 458 459 461 462 465 470 476 481 482 484 489 494 502 510 518 524 530 534 536 539 542 544 545 546 547 547 549 551 552 553 555 558 562 566 570 572 574 577 580 578 576 575 575 575 577 581 584 588 592 596
448 449 449 449 450 451 452 452 452 451 451 450 450 451 452 452 452 452 452 451 451 452 452 453 453 453 454 455 455 455 455 455 455 455 455 455 455 455 456 455 455 456 457 457 457 457 459 461 463 470 478 483 485 486 487 491 495 503 510 517 524 528 532 535 537 540 543 546 549 550 552 553 553 552 551 552 556 560 561 561 562 565 568 568 566 565 566 570 574 578 584 589 592 595
449 450 450 450 451 451 452 452 452 452 453 452 451 451 453 453 454 453 452 452 452 453 453 453 453 454 455 455 456 456 456 456 455 455 455 455 455 455 454 454 454 456 457 457 456 457 459 461 464 471 481 488 492 493 496 499 502 505 511 519 523 527 531 534 536 539 542 543 545 548 552 555 555 552 550 549 551 554 555 554 553 555 558 560 559 559 561 564 569 578 585 589 593 597
451 450 450 451 451 451 451 451 452 452 452 452 451 451 452 453 454 454 453 452 453 453 453 453 454 455 456 456 456 456 455 455 454 454 454 455 455 454 453 452 453 455 455 456 457 458 460 461 466 474 484 494 498 500 504 508 513 519 522 525 526 528 533 537 539 542 543 544 544 547 552 554 556 553 551 551 552 554 555 553 552 552 555 557 558 559 561 566 573 579 584 589 593 597
450 450 450 451 451 451 451 451 450 450 451 451 451 451 451 452 453 453 453 453 453 453 453 454 454 455 456 456 455 455 455 454 454 453 454 454 454 454 453 453 453 454 455 456 459 461 462 464 467 475 488 497 503 505 506 511 518 522 526 530 533 535 537 541 544 546 548 548 549 550 552 553 554 554 554 555 557 559 560 558 556 554 555 556 557 558 561 567 575 581 587 591 596 602
450 450 450 450 451 452 452 451 450 449 449 450 450 450 450 451 452 452 452 452 453 453 453 453 453 454 454 454 455 455 455 455 455 455 455 455 454 455 454 454 454 456 456 458 461 464 467 470 474 479 485 496 505 508 510 516 523 528 532 538 544 547 550 553 555 557 556 556 555 555 555 555 555 556 558 560 561 563 563 562 559 557 557 557 557 558 562 570 578 583 588 592 597 603
450 450 450 450 451 452 453 452 452 451 450 449 449 450 450 451 452 452 453 453 454 454 454 454 454 454 454 454 455 455 456 456 459 459 459 458 459 458 455 454 454 456 458 459 461 467 474 478 481 485 492 500 504 509 516 523 529 533 538 542 547 553 556 559 562 563 562 561 559 557 557 556 556 558 561 563 565 566 565 564 562 560 558 558 558 561 566 571 576 580 586 591 596 600
451 451 451 451 451 451 452 453 452 452 452 451 451 451 452 452 453 454 454 455 456 456 456 456 455 455 455 455 456 460 462 466 468 471 471 468 466 460 457 454 453 454 456 459 463 468 477 486 488 491 495 499 504 509 517 524 531 536 540 545 551 557 561 562 562 562 562 561 560 558 556 558 559 562 565 568 570 570 570 568 564 560 557 556 556 558 563 568 571 576 582 587 593 599
452 452 451 451 450 449 450 451 451 452 451 452 453 453 454 454 454 454 455 456 456 457 458 457 457 456 457 460 465 470 475 478 481 480 477 472 469 464 457 454 452 453 454 457 460 468 477 485 490 493 496 503 509 513 518 525 532 538 544 549 553 559 562 562 560 560 561 561 560 558 560 561 564 566 570 571 571 571 570 569 565 561 559 557 556 557 559 564 568 571 576 582 586 592
452 452 450 449 449 448 449 450 451 451 451 451 453 454 454 454 454 455 456 456 456 456 457 457 457 458 462 468 476 481 484 485 484 482 478 474 470 465 458 454 452 453 455 457 462 469 478 485 491 496 502 509 514 519 523 527 536 544 550 553 556 560 562 562 561 562 562 563 562 562 565 568 570 572 572 571 568 566 564 562 561 557 556 556 554 553 555 559 563 568 572 575 580 585
452 451 451 449 448 448 449 450 451 450 451 451 452 453 454 454 454 455 456 456 455 455 457 459 460 463 468 476 483 485 486 486 486 483 478 473 468 462 456 453 453 453 456 460 466 474 481 489 494 499 505 511 519 526 533 539 545 552 556 557 558 561 563 564 565 566 567 566 566 567 570 572 575 574 572 569 565 562 559 557 554 552 550 549 548 548 550 554 558 562 567 571 573 577
450 450 451 451 452 452 452 452 451 451 451 452 452 453 453 453 453 454 454 454 454 455 460 465 469 470 474 477 482 484 484 482 481 480 475 471 467 462 456 454 454 455 457 462 470 477 482 489 495 499 505 512 521 528 535 542 548 555 559 560 561 563 564 564 564 567 568 568 568 570 571 574 574 572 570 567 563 559 555 553 549 546 544 544 543 544 546 549 552 555 559 563 566 568
448 450 451 452 453 454 454 453 453 452 452 452 452 452 452 452 452 452 452 452 454 457 461 466 467 469 471 475 478 479 476 474 473 473 470 467 462 459 455 454 455 455 457 463 471 479 485 489 494 500 505 516 525 530 534 540 547 554 559 559 559 560 560 561 562 563 564 565 567 569 573 573 571 569 568 565 560 555 552 549 544 540 537 536 538 539 540 542 543 545 550 555 558 561
450 450 451 452 453 453 453 453 452 453 453 452 452 452 452 452 452 451 451 452 454 459 463 464 464 466 468 471 472 472 470 468 468 468 468 465 461 457 455 455 457 460 463 469 478 483 487 492 496 501 508 515 522 527 532 537 543 549 551 552 552 554 555 555 556 556 556 558 564 569 571 571 569 567 565 561 554 549 546 543 538 533 531 531 533 535 535 534 535 537 542 547 551 554
451 451 451 451 452 452 452 452 451 452 453 453 453 453 454 454 452 451 451 453 456 460 462 462 461 461 462 464 464 465 464 463 464 464 462 460 459 456 456 460 462 465 472 477 481 484 488 492 495 498 503 507 513 519 525 530 533 537 540 541 543 545 547 547 548 548 547 551 556 561 564 562 562 559 556 552 547 543 539 536 532 528 527 529 531 530 529 530 531 534 537 542 547 550
452 452 452 453 453 454 453 452 451 452 453 454 455 455 455 454 453 451 452 455 458 460 460 458 458 459 459 460 460 460 460 459 458 457 457 456 455 454 456 463 468 471 474 478 481 484 485 488 491 494 497 501 506 511 516 521 525 528 530 530 531 535 539 538 540 540 538 538 542 546 550 551 551 549 546 542 540 536 532 530 528 526 527 529 530 528 527 528 529 533 536 540 542 545
452 453 454 454 456 456 455 453 452 452 454 455 455 455 454 453 452 451 452 454 457 457 457 456 456 457 458 459 459 458 457 456 455 453 451 451 453 456 462 468 475 479 480 481 482 484 485 487 489 492 494 498 501 505 509 514 519 521 521 520 521 524 528 531 531 530 528 529 531 534 538 541 541 539 534 530 529 530 531 530 528 526 528 530 529 529 529 529 532 536 539 540 541 541
452 452 452 454 455 456 455 455 454 454 454 455 456 455 454 453 452 452 452 454 456 456 456 456 456 457 457 458 458 457 456 455 454 453 452 453 460 470 478 485 488 488 486 484 484 485 486 488 489 491 492 494 496 499 501 503 506 510 510 509 509 510 515 520 521 521 520 519 521 524 527 530 530 528 526 524 523 523 527 528 526 526 527 527 529 531 532 534 536 539 543 545 545 544
453 453 453 454 455 456 456 456 456 456 455 456 456 456 455 454 453 452 453 454 456 456 456 456 456 457 457 457 456 456 456 455 455 454 455 458 464 472 481 486 489 488 487 486 486 486 487 488 489 490 491 492 493 495 497 499 500 501 501 502 503 504 505 509 513 514 514 512 512 513 515 517 518 517 516 515 515 517 520 521 523 523 524 525 527 531 536 539 542 543 545 548 550 548
454 454 455 455 455 456 457 458 458 457 457 457 457 457 457 456 455 454 454 455 455 456 455 455 456 457 457 456 455 454 454 455 454 454 454 460 470 478 482 484 484 484 485 485 486 486 487 488 489 489 490 491 491 493 494 495 495 495 496 497 499 500 501 502 503 505 506 507 507 507 507 508 508 507 506 506 505 507 513 516 518 520 521 523 525 529 536 543 546 547 548 548 549 548
455 455 455 454 455 456 457 458 458 458 457 457 457 457 458 458 458 456 454 454 455 455 455 455 456 456 457 456 455 454 453 453 453 453 455 463 475 482 484 482 482 483 484 486 486 485 485 486 487 488 489 490 491 492 493 494 494 494 494 495 496 497 497 497 498 499 501 502 503 502 502 501 501 500 501 501 501 504 508 513 516 519 521 523 525 528 535 542 546 548 548 547 547 546
455 454 454 454 454 455 456 457 457 457 457 456 456 457 457 458 458 456 454 454 454 455 455 455 456 456 456 455 455 454 453 452 452 454 459 468 477 482 481 481 481 483 485 486 485 485 486 487 487 488 489 489 490 491 492 492 493 493 493 494 494 494 494 494 495 495 497 498 497 496 497 497 496 495 496 498 500 503 506 510 515 519 521 525 527 530 533 539 545 546 546 544 542 543
453 454 455 455 455 454 455 455 456 456 456 456 456 455 456 456 456 455 455 454 454 454 455 455 455 454 454 453 453 452 451 451 453 456 463 470 473 476 478 479 481 483 485 486 487 487 488 489 489 489 490 491 491 492 492 493 493 493 492 492 493 493 493 493 493 494 494 493 493 492 492 492 492 492 494 496 500 504 508 512 516 522 528 532 536 536 537 539 541 542 540 537 537 537
454 454 455 455 455 455 456 457 457 457 457 457 455 454 454 455 455 455 454 454 454 453 453 454 454 454 453 452 451 451 451 452 456 460 465 470 474 475 477 478 480 480 482 486 489 491 491 491 492 493 493 493 493 493 494 495 495 493 492 492 493 493 493 493 493 492 491 491 491 491 491 490 489 490 491 496 501 509 516 519 525 531 535 540 543 543 542 540 540 541 539 535 532 531
455 455 455 455 455 456 456 457 456 456 457 457 456 455 454 454 454 453 453 453 452 452 452 453 453 453 451 451 451 451 452 455 459 463 467 470 473 474 475 477 478 480 483 486 492 496 496 496 495 497 497 497 497 497 497 497 496 495 493 493 493 493 493 492 492 491 490 490 490 489 488 487 487 488 491 497 506 515 523 529 534 538 543 547 548 548 545 544 544 543 539 533 529 530
455 454 455 455 455 456 456 455 454 454 455 457 458 457 456 454 452 452 452 452 451 451 451 452 452 451 450 449 450 451 452 455 460 465 468 471 471 472 475 477 481 483 487 495 500 502 503 501 501 499 499 500 500 499 499 499 497 495 494 494 494 494 493 493 492 492 491 491 490 488 486 484 484 485 489 497 507 517 525 532 540 548 552 552 551 549 548 547 546 543 538 533 531 532
454 454 454 455 456 456 456 455 453 453 454 456 458 458 456 454 453 452 452 452 451 450 451 451 452 452 451 450 450 451 452 454 460 466 471 474 474 474 476 479 484 491 498 504 506 508 507 506 502 503 502 502 502 502 501 501 500 498 497 496 495 495 495 495 494 493 493 491 489 487 485 483 483 485 490 500 509 516 523 528 534 544 549 550 549 552 551 553 550 544 539 535 535 534
453 452 453 454 455 455 455 454 454 453 454 455 456 456 457 456 455 453 452 451 450 450 450 451 453 453 452 452 451 450 452 455 460 469 474 478 479 479 480 483 486 493 500 505 507 510 511 509 507 506 507 507 504 503 502 501 500 500 499 498 497 498 497 497 496 495 493 491 489 487 485 484 485 488 492 496 505 512 517 523 529 535 540 545 548 550 551 552 554 551 546 542 540 536
453 453 452 453 453 454 454 454 454 455 455 455 455 455 456 456 455 453 451 450 449 449 449 451 452 453 453 452 451 450 451 456 463 470 477 479 480 481 482 484 488 492 498 500 504 507 511 511 509 509 510 508 507 505 503 502 501 500 500 499 499 499 499 498 497 496 494 492 490 487 485 484 484 485 488 492 496 503 511 518 523 528 532 535 539 540 542 545 548 549 547 544 543 538
456 455 453 453 453 452 452 452 453 455 456 456 455 454 455 454 453 452 450 449 448 449 450 451 453 453 452 451 452 452 453 458 466 474 478 480 479 480 481 482 485 488 491 494 496 500 503 504 505 505 506 506 506 505 504 503 501 500 500 500 500 500 499 498 498 497 496 495 491 488 485 484 482 482 484 487 491 495 501 509 513 516 519 523 526 528 530 531 536 541 539 537 535 529
459 457 456 454 453 451 451 452 453 454 454 455 454 453 452 451 451 450 449 450 452 454 457 458 458 456 453 454 454 454 454 457 464 472 476 478 479 478 479 481 482 483 485 488 490 493 496 497 498 498 499 500 500 501 501 501 499 498 498 498 497 498 497 498 499 499 499 496 493 489 487 484 482 481 482 483 484 485 490 495 498 501 505 511 514 516 517 518 520 521 525 524 522 521
463 459 458 457 454 452 451 452 452 452 452 452 452 451 450 449 450 450 450 452 457 463 467 468 465 460 458 456 455 454 454 455 461 467 473 476 477 478 479 480 480 480 481 482 484 484 487 489 490 491 492 492 494 496 497 497 495 494 494 494 494 495 496 497 498 499 499 498 494 492 490 487 485 483 482 481 480 481 483 484 486 489 493 497 499 501 504 506 507 507 508 509 510 512
